229 163 39 293 51 126 82 90 285 18 27 247 104 107 
3 128 212 68 271 278 
102 122 296 186 183 267 279 202 59 162 170 246 193 
166 172 249 120 147 

69 
58 171 187 134 226 
94 248 121 184 160 275 75 203 
269 21 30 6 253 73 116 23 85 286 

284 214 101 218 233 11 209 207 225 118 232 
238 66 245 
200 72 125 112 299 74 164 
169 216 231 256 288 67 244 139 47 135 117 
234 227 86 150 

71 91 97 155 111 79 35 26 208 181 13 136 
201 228 270 10 221 211 213 
45 257 16 191 277 300 63 156 

